1

1 ¹⁹⁷7 · 100111 1011111111. ,Μ

f· 81311111011111110111111, 1116. 1661. 60601111,116,518,111.
Ι· 81111111 1111111111,661. 81311111110,616 600100100ςί1·00100116110101100651.
9131611101 1100001 111 61011111, 91311011101601,111. Primus 101011 Ι90110 eo 11301, 1118011111011 1111.
1 91 111110 0011111101, 95, 561. Ejus 1111061001119. 1166. Arvernis 1010- 1010111119.
1 um 0100011611101101101,91. 111101, 116, 1111.110111·11101101101101- 8011,110600101111111,619 0.
1 131101110101,1111,1111911,116, 11101,061111101100111,1111611000- 6011111,61, 561. ’
1 679, 116,581,951.1616, 1156, 16 9. 111 10111111 11111111 619. 0111111111 01- 60100,11061111, 769.
1 6001111100 (111101 a 61130110, 10111,0011111101,11“1. 111101101111110, solemniacense 0110111011001,166,0.
1619, 011. 1668, 1111101 6111011011 1, 868.1“1111111111011116.1,1116. 601010011011100011 1111001001 01100·
Ι 111561.111110111,011.,196.111001 61101 10 01010010011101110,166. 10 110, 91111111, 0101111110, 011.. 1199.
1 111,16611.111111111,516.3111011111011111, 10111000110311,1111. 61111010 11 01106001, 010 , 1011,
166.11030111111111,569. 111001011111010 8130001 100000 0010110010, 1669, 1119.
1 1111011010111,11.7, 11111, 1110, 611110- 110111010111010,918.ι 9011101, 1161001110111161600101
1 11111111111116161119] 6161161610... 811..1.......1.,111,.
1 6100111οι1. 111 0001 11110110101010- 61 1101 196. Regnum 1111111101, 60100, 1666.
1 11100511111100181100011011001, 611, 1001191511. θ 1010011001011101, 518.
1111. 185. Quo· 0111111 1011111011,1111- 9111110100 1611000 10 1101111011· 6011111101010101111011, 1161.
’ 111166111061111ξ111111 οι111111111.11.1...1...., 1111. 111111 1111118·
rugat, (1111001000 1011110111, 31111010- 61111010100101111111011 1011110 ee, 60011161616110111111111110101,1171.
nes 11011, 166, 1169. Suam 1011011 11111, 169116. Sul» 61111110111110 11, 111. 80011111, 011001, 1116, 961).
ἔῃ), ¹lun„ 1111111ῗί 0001111111, 9115, 4111, ἒῖἕηιοῇυηφ, Ιῗ91.ὖΕ 110001 11101601, ξὲηιέυη 111111001001601,519,5611.
011110111Ἓὲ111111111111111111111ῗῖ111 111111101111111111 0011111111, 1111111 1111111111115111101 1111111
1111111101 1011. Sequanam 1110111, 1166. 969, w? recludunt. 2¹⁰·
Pto Parisios, 861. 11031101, 191, 111 8111111111 1111101 0011000οε ungo· 101111110090111

0111111000 010111, 196. 600101 ex· 01011100111111.111·1. Sors, regm μὴ, fovum, 619, 0.

111.

1001191196.6101113000011101, silvestro wa 11010111100113101 601111 0111111091110101110 91.

19111011100101011161. ,1101111100111 1001011111οἹ, ,9110 1101111,Ι 11. 11 0., 15 ·. 6100101001 0011111110, 1111. .
01011110, 176. Turonum 00101101 01 8111111011101110111101111111, 0. 8011111311 1100001111, 11111. 10011111.
111111111161. 91111101 0010100111, 181. 81111001 1111111, 1118. 1611. 11311010, 8111
1111001111,1111111111119101111111011110 8111101101101100100111. 8011101011161, 1116.

1111111110, 11101103100011101010 8111011111011110 0111, 119. 111111111111111111.

1011011. 11101 1011110110,196. 9110001 6001110611011110 ,11, ⁸ 11111111111111·111111,101

1111111101. Ι1116. 111006101010100,116. ΩΙ,800000 0011100011010101110111001, m 160110111151110511150.,160118011121101,1601111101.

fflssssffissffssfffdgffiffissssssffl 111111111111111111111111110,1111, 1010111101. ’ ’ 1

1110010 01111111. 166. 111101110001111 511. 11010011, 11111 111101, 1111101, 801110 Deum 1111110061,1111.

monasterium pictaviense, 161. 601 111-1916, Ι 6011011110,891

11111, 111. 111 ’11000010 1110011001, 6110101111 0101101010,115, 80001- 310003010111111, 651.

431. 110010110011110 1101616110110 11010119. ι 90111111 11111 0061111016..

11111111101110101111 11111111·1111111161 ...11111111111111111616

110010011001111 1010011010· 110· 111-..10101111111111100

1115 169 515 516 1656. 611 1101110111 ἓ1010010000001 1011111101, 9111, {n 6101101 (101, 115911101110011010-

116111110111105161111116 111611161161611111110111. 1361111161 11·

1110111001 &hilpericus 1011111, 561. 610- 61010011101111,16.”111,1611,6151 50011001 156.

10001110οκ 111 0 ῃ10.1100.101110111· 1001011111

effi} Ξὲἓῖεμὲ, 9 Dffifiaffiffia ι11111 10550101101111001610111101111 11011011, pgffiffiggss: 1161111101, 1151.

11011·111ῗ1’.111.1.111”61ῗ.ῗ’111ξ 0111116116611111111111 16161111111111111111.

169611111011111111158, ,9518000101010955 · 6111110011 11111. 115.

9011101101 11, 616, ¹³⁵¹: 1111101 Ξι8101010101 00010000 911011110111, ἓ1161101101011,16,11661.Τ9
11ε11111011111113111111111ῗω1111111111111 ἓ111.1’111111111111’11ἓο010101100001,61. ἓβξῇζξῶἶῑν0111111116]ώῖ De-
Β1113110001 111 01101101 0111130- 6861111111111111111 1111116101191001111, 11511911111011181110011111115511·
111111011611 111111111111631611,υ111υ11, 11011011011011011001111101,811,0. 6311101631 11111011, 1111
6115. 111 ’1101111100 1100111110, 6116. 81001110 011011101010011, 591, 0. 8011110101111110111111100,
infausta sepultura 01 1100111111, 651, 61110111110111110,715. · . 115.

55530. 11011 00111010,1651. 11010101, Εὲὲῗιῶωέ ι1811 91100010,615. 90101101 ggt'fflesszsffignffllus, 9, 1581
9101601101 1110160111001011111,151. 61011111 11, 101 1111010111, 656. 511111 0113111100 11100100,111.
sigibertus 10010101 010011 1110111111, 60111111011011161100, 165. 116. 6111111111 01 01301, 1181.

6911 60011100100111011010,1619. Stephanus 0101000011, 11. 1010·
6131106011111100110111111195. ’,8111101101 11110οο1311600 0111611, 10110111 00110111511011401 11110110
11111000111111, 1101.. .... 11. (1.1... 1111111111.. 011 1111οῑ
8131000101 11101101 1010011101, 11161611. 11111,611.111111100,1111.1111111,51.

151, 0. 8111111101 10001, 0111110116, 101001 1511, 1691.110111110110111 61-

wsslggffiusfflsigiffindl 1051011ιὲ1530, ·ῃίξ51531110ᾃῖ5ῧῑίιὲἰιόωδῶἷειῧὲω- mg, 1²¹⁸& 0. 1101010111, 118. 1111011-
,.01011,1.“,011-. .-

1011, 8110300111 10 111 6011101001, 619, n. 6110111001111 11001 101111 1011100-
3131110006οε 101, 596. Bur 001110- 80101010111Εο10111 101, 616, 6111. 11110,698. 11110111 001111 11011010 1110-

11001566. 1101011001 1011111011, 1161. 90100101 10111001 1111110111, 1111. 110010, 61111 1111011 1111110101691.

1111001101,161. 1110111,1·11,561, 8111011011.11111001001010111,11,0. 61001110011000011011.οκ1100,1616.

1591813111100161101101011111, 16811111 61101101610010101101,1166. 5111110 1110101 10011111, 61. 11101

00110111101101110103111101010011611. {mus p³p²l¹uqrthr. 15. &a 6111100 1101030101 11111011,

111111111111199,’1111ῗ’11611’111111011111110 9001111111 31111111111Ι ωριὲεξὲυξ, 31111010, 511, 0.

1101 1000101111. 1111111 1660111111 1511. ι 511111100300101111, 166, 511.

10 0101 10001010 010 1111001110, 865, 6011111111· 0111111101, 111. 8111101110· 111101 Buca, 1161.

 

